i = zeros(20,20);
m = [[0 1 0];[1 1 1];[0 1 0]];
i(4:6,4:6) = m;
i(14:16,14:16) = m;

